pdb_id	delta_G	complex_count	delta_H
1fc2	-43.65	251	-57.08
3sgb	-61.34	235	-74.48
2tgp	-32.08	281	-46.04
2ptc	-75.47	281	-89.43
2sni	-66.77	339	-81.77
1atn	-53.35	629	-73.54
1gla	-38.50	650	-59.06
1acb	-55.36	304	-69.74
2pcc	-33.08	804	-56.40
2pcb	-28.54	692	-49.85
2sic	-57.92	382	-73.69
2cpk	-49.30	353	-64.55
1brs	-79.26	588	-98.71
2btf	-32.18	512	-50.27
1ppe	-65.77	252	-79.22
1smf	-39.50	232	-52.59
1rlb	-34.80	834	-58.65
1mah	-60.51	594	-80.07
1efn	-36.64	322	-51.34
1ak4	-27.22	618	-47.21
1gua	-42.23	243	-55.51
1ycs	-42.94	384	-58.75
1dhk	-59.68	690	-80.96
1dfj	-75.51	580	-94.82
1fle	-46.93	287	-61.00
1b27	-79.91	587	-99.35
1a22	-54.04	372	-69.63
1b2u	-39.95	587	-59.39
1xdt	-45.66	559	-64.59
1b3s	-56.69	587	-76.13
1axi	-44.83	366	-60.31
1avz	-27.40	260	-40.99
1a2k	-38.95	848	-63.05
1b2s	-55.96	599	-75.61
1wq1	-27.22	486	-44.85
1avx	-75.47	395	-91.47
1buh	-40.60	357	-55.92
1an1	-51.63	262	-65.25
1ldt	-49.91	269	-63.66
1fmo	-49.30	356	-64.61
1azz	-53.04	727	-74.98
1bvn	-63.05	567	-82.13
1ugh	-64.05	305	-78.44
1vpp	-30.75	224	-43.70
1b6c	-37.40	1732	-77.31
1ibr	-54.35	1234	-85.35
1flt	-50.61	382	-66.38
1uug	-33.60	607	-53.39
1lfd	-32.66	508	-50.68
1kac	-44.69	309	-59.15
1sbb	-22.00	950	-47.93
1eer	-51.37	592	-70.89
1tba	-51.37	247	-64.73
1ay7	-34.25	185	-46.50
1cn4	-34.25	589	-53.72
1qa9	-34.25	394	-50.23
1grn	-36.59	388	-52.47
1vrk	-46.62	167	-58.55
1cmx	-32.93	515	-51.08
1es0	-42.23	372	-57.82
1fg9	-57.08	862	-81.43
1g9i	-39.50	245	-52.82
1d6r	-56.43	281	-70.39
1e4k	-32.93	604	-52.67
1qty	-62.78	757	-85.26
1du3	-44.51	1490	-80.09
1e96	-31.78	363	-47.21
1ees	-43.94	224	-56.89
1emv	-77.74	214	-90.51
1djs	-42.16	336	-57.11
1dzb	-35.87	706	-57.43
1f3v	-29.15	322	-43.85
1g6v	-40.77	382	-56.54
1clv	-51.37	502	-69.29
1ezu	-57.63	726	-79.55
1ezs	-55.62	696	-77.00
1dp5	-51.63	360	-67.01
1c9t	-51.37	1656	-89.92
1c9p	-51.37	272	-65.17
1dpj	-48.65	358	-63.99
1fy8	-28.80	271	-42.59
1i4e	-39.50	536	-58.02
1f34	-57.08	463	-74.30
1i8l	-38.24	634	-58.52
1g5j	-52.64	200	-65.16
1e6e	-34.62	1132	-63.80
1ffw	-33.79	392	-49.74
1gcq	-27.25	182	-39.44
1e3u	-34.25	970	-60.53
1i2m	-66.22	1107	-94.95
1he8	-31.97	915	-57.27
1hcf	-54.71	444	-71.59
1ewy	-31.09	704	-52.62
1ib1	-19.73	1620	-57.64
1j7v	-59.68	355	-74.97
1i4d	-31.52	550	-50.29
1i5k	-42.10	211	-54.81
1jiw	-65.06	575	-84.28
1j7d	-32.53	289	-46.64
1jtg	-56.84	853	-81.03
1gl1	-56.43	817	-79.98
1gl0	-51.92	273	-65.74
1eja	-51.37	276	-65.24
1f7z	-28.01	269	-41.76
3tgk	-28.09	273	-41.91
1jtd	-60.30	535	-78.81
1f5r	-23.90	273	-37.72
1gpw	-44.07	1360	-77.33
1lzw	-36.99	237	-50.17
1l2w	-54.35	1172	-84.25
1go4	-34.15	1146	-63.58
1jwh	-45.09	1075	-73.25
1l4z	-38.28	373	-53.89
1l4d	-38.28	361	-53.67
1kxp	-51.37	787	-74.38
1mxe	-68.49	338	-83.47
1k93	-43.94	1884	-86.57
1ktk	-26.82	1200	-57.22
1kxt	-37.84	1857	-79.98
1kgy	-43.39	1276	-75.14
1kxv	-43.39	1232	-74.36
1lj2	-26.08	265	-39.76
1ktz	-37.31	188	-49.61
1lw6	-66.77	344	-81.86
1kxq	-48.26	2464	-101.26
1kbh	-42.63	106	-53.47
1h59	-42.42	99	-53.13
1gng	-42.29	757	-64.77
1kkl	-41.93	762	-64.49
1eaw	-58.81	594	-78.37
1lqs	-47.93	697	-69.33
1gxd	-47.28	1631	-85.38
1m10	-47.01	466	-64.28
1jsp	-24.55	140	-35.99
1l0x	-29.80	914	-55.08
1l8c	-46.55	146	-58.10
1m1e	-51.37	577	-70.63
1l0y	-29.80	913	-55.06
1jgn	-36.85	120	-47.94
1ogy	-53.09	7336	-193.20
1op9	-52.25	251	-65.68
1p27	-52.25	472	-69.63
1lx5	-50.92	198	-63.40
1p3q	-33.79	224	-46.74
1j2j	-33.41	206	-46.03
1jh4	-33.24	120	-44.33
1mzw	-32.57	204	-45.16
1oqe	-39.74	1681	-78.74
1nys	-45.66	343	-60.73
1nyu	-45.66	320	-60.32
1p9d	-27.91	110	-38.82
1uad	-39.17	530	-57.59
1otr	-21.74	125	-32.91
1pjm	-38.50	447	-55.43
1o9a	-34.25	117	-45.28
1m5n	-49.53	513	-67.64
1psb	-26.82	234	-39.94
1pjn	-43.71	447	-60.64
1h1v	-43.60	695	-64.97
1q0w	-20.31	100	-31.04
1r0r	-60.11	325	-74.86
1lp1	-32.53	109	-43.42
1ozs	-25.73	93	-36.33
1mq8	-31.52	722	-53.37
1q68	-36.52	67	-46.66
1oey	-47.93	696	-69.31
1h0t	-29.80	116	-40.81
1pvh	-40.51	740	-62.68
1q69	-34.51	48	-44.31
1oc0	-51.37	401	-67.48
1nvu	-31.07	801	-54.33
1nf3	-41.67	634	-61.95
1oph	-47.38	598	-67.01
1nw9	-45.01	329	-59.83
1pxv	-54.27	588	-73.72
1mcv	-40.00	268	-53.73
1oyv	-45.92	652	-66.52
1rpq	-44.50	746	-66.78
1xxf	-39.95	750	-62.30
1rv6	-39.16	373	-54.77
1xx9	-50.36	749	-72.69
1xu1	-48.69	524	-67.00
1xxd	-37.23	747	-59.53
1ry7	-37.89	364	-53.34
1u0s	-37.89	204	-50.48
1xqh	-38.24	510	-56.30
1pd7	-37.23	109	-48.12
1xd3	-37.23	606	-57.01
1t6b	-53.64	846	-77.71
1us7	-32.79	401	-48.90
1xr0	-28.54	151	-40.18
1sv0	-45.40	319	-60.04
1vet	-45.05	240	-58.28
1veu	-45.05	237	-58.23
1q5w	-22.26	107	-33.11
1tdq	-45.21	397	-61.25
1r8u	-45.01	150	-56.63
1syq	-44.71	284	-58.73
1sb0	-27.53	112	-38.47
1tzn	-55.76	10262	-248.18
1sg1	-38.42	361	-53.81
1t44	-34.25	502	-52.17
1th1	-49.53	1127	-78.62
1xt9	-38.24	284	-52.26
1vyt	-43.94	611	-63.80
1w1w	-20.46	1539	-56.92
1u7v	-37.26	598	-56.89
1usu	-31.29	378	-46.99
1usv	-31.29	1569	-68.28
1uel	-31.21	143	-42.71
1tlh	-20.11	157	-31.86
1sq0	-42.94	463	-60.16
1p6a	-42.56	309	-57.02
1rkc	-42.29	284	-56.31
1t01	-42.29	279	-56.22
1oyh	-42.10	826	-65.81
1rke	-41.67	438	-58.44
1u7f	-41.30	583	-60.66
1vg0	-47.38	663	-68.17
1ty4	-46.77	362	-62.18
1s4y	-46.59	393	-62.56
1u0i	-40.84	42	-50.53
1p69	-40.63	309	-55.09
1shy	-40.22	727	-62.16
1s1q	-18.84	418	-35.25
1nm5	-41.22	892	-66.11
1tm7	-65.53	345	-80.64
1tm1	-65.77	345	-80.88
1tm5	-61.47	345	-76.58
1tm3	-61.19	345	-76.30
1tm4	-56.43	345	-71.54
1to1	-53.29	345	-68.40
1uuz	-43.39	517	-61.57
1te1	-48.34	464	-65.58
1ta3	-45.92	575	-65.14
1zjd	-52.48	294	-66.68
1yc0	-49.65	313	-64.19
1vyh	-40.51	5280	-143.86
1z7x	-88.68	1172	-118.58
1zhi	-38.24	320	-52.90
1r6q	-36.99	471	-54.35
1wlp	-35.35	163	-47.20
1zm4	-34.30	3087	-98.44
1y8n	-33.86	471	-51.22
2c1m	-51.13	470	-68.47
1ydi	-49.94	280	-63.89
2b4j	-45.45	444	-62.33
2b0z	-22.83	402	-38.96
1v18	-45.66	544	-64.33
1z92	-45.66	244	-58.96
2ajf	-45.66	1542	-82.17
2b10	-28.54	804	-51.86
1wa8	-45.43	194	-57.84
1x1y	-27.95	594	-47.51
2a7u	-39.50	127	-50.71
1x1u	-44.97	596	-64.57
1wdw	-44.77	3760	-120.94
1wr1	-27.57	134	-38.91
1t63	-27.53	264	-41.19
1x75	-44.27	451	-61.27
1y6m	-38.60	346	-53.73
1yd8	-21.36	332	-36.24
1y6k	-51.37	350	-66.57
1yru	-51.37	420	-67.82
2bp7	-51.37	2980	-113.59
2c1t	-49.65	921	-75.06
2byk	-32.18	319	-46.82
2bym	-32.18	298	-46.45
2be6	-48.97	483	-66.55
1ri8	-48.73	253	-62.19
2b12	-26.82	402	-42.95
2bqz	-26.82	340	-41.84
1wr6	-20.76	641	-41.16
2aw2	-43.39	417	-59.79
1t0p	-26.27	260	-39.86
1x1w	-43.26	596	-62.86
1y6n	-43.20	339	-58.20
1vrc	-25.95	428	-42.54
1t5z	-25.58	261	-39.19
1yx5	-19.73	188	-32.03
1xj7	-25.16	265	-38.84
1u5s	-14.40	137	-25.79
1shz	-31.52	1037	-59.00
1wrd	-19.34	174	-31.39
1zc3	-42.10	564	-61.12
1zc4	-42.10	572	-61.27
1x1x	-41.53	596	-61.13
1pk1	-41.48	267	-55.19
1xg2	-47.38	468	-64.69
1y76	-30.26	244	-43.56
2b11	-30.26	804	-53.58
1xqs	-29.61	858	-53.89
1ul1	-41.22	1743	-81.32
2a78	-41.22	377	-56.90
2a9k	-41.22	377	-56.90
2c5d	-46.93	1146	-76.36
1zsg	-29.25	87	-39.75
1zmy	-46.34	391	-62.27
1z0k	-29.19	459	-46.34
1yx6	-23.61	188	-35.91
1rjc	-57.72	252	-71.17
1wve	-46.55	1180	-76.59
1wqj	-34.61	142	-46.09
1wa7	-28.64	82	-39.05
1y3c	-60.51	345	-75.62
1y3b	-54.27	345	-69.38
1y1k	-54.35	345	-69.46
1y34	-52.99	345	-68.10
1y3d	-52.81	345	-67.92
1y4a	-50.92	338	-65.90
1y4d	-50.92	339	-65.92
1zli	-50.72	380	-66.45
1y33	-50.05	345	-65.16
1y48	-50.05	345	-65.16
1wpx	-49.91	625	-70.03
1zr0	-45.01	572	-64.18
2bo9	-48.65	1048	-76.33
2hev	-42.86	266	-56.56
2gng	-31.52	358	-46.86
2gww	-56.84	281	-70.80
1zvy	-57.08	254	-70.56
2cjs	-39.95	373	-55.56
2f6a	-38.24	1331	-70.98
2dx5	-19.87	172	-31.89
2b7c	-36.52	527	-54.88
2f5z	-51.99	4930	-149.08
2fu5	-52.25	517	-70.43
2ixq	-35.13	285	-49.17
1yk0	-51.47	809	-74.87
2f9z	-34.51	691	-55.81
2b42	-51.20	548	-69.94
2j1k	-51.13	3623	-124.85
2g2u	-33.69	430	-50.32
2i32	-33.60	345	-48.71
2d10	-50.05	1266	-81.63
2b87	-39.95	116	-50.96
2f31	-39.90	248	-53.27
2hth	-22.71	202	-35.26
2c0l	-39.74	414	-56.08
1zv5	-45.66	248	-59.03
2aq2	-45.43	344	-60.52
2fdb	-38.87	685	-60.06
2ftm	-61.62	281	-75.58
2den	-27.22	122	-38.34
1yrt	-51.37	420	-67.82
2g45	-31.68	386	-47.52
2fyl	-31.69	163	-43.54
2hd5	-31.69	391	-47.62
2j12	-43.94	302	-58.28
2hwn	-49.65	206	-62.27
2few	-13.88	240	-27.11
2fuh	-20.11	222	-33.02
2a24	-25.82	215	-38.60
2dsp	-31.52	148	-43.11
2hle	-42.23	321	-56.91
2djy	-25.10	62	-35.15
2h4m	-42.10	1687	-81.20
2arp	-36.34	253	-49.80
1yk1	-41.89	809	-65.29
2fju	-30.11	873	-54.66
2aq1	-47.14	1380	-80.75
2g2w	-35.59	429	-52.20
2es4	-47.38	1176	-77.35
2c7m	-29.64	132	-40.94
2c7n	-29.64	765	-52.26
2hsq	-46.69	284	-60.71
2ftl	-75.47	280	-89.42
2f4m	-41.02	356	-56.33
2aq3	-29.22	1376	-62.76
1zvh	-40.84	251	-54.27
2iy1	-34.84	618	-54.83
2bwe	-23.38	1047	-51.04
2a9h	-34.51	424	-51.03
2gh0	-40.22	598	-59.85
1zgu	-22.88	215	-35.66
2hrk	-45.92	298	-60.19
2j7p	-45.66	1107	-74.39
2j0t	-53.64	854	-77.85
2abz	-48.82	826	-72.53
2o3b	-65.61	376	-81.27
1yvb	-46.73	352	-61.96
2j8x	-46.21	623	-66.29
2omy	-38.24	566	-57.30
2qxv	-36.64	381	-52.39
2oin	-35.92	369	-51.46
2odg	-35.55	225	-48.51
2omu	-52.64	567	-71.72
2o98	-51.77	573	-70.96
2gox	-51.92	724	-73.81
2i9b	-51.47	1514	-87.48
2ifg	-51.63	911	-76.86
2nyz	-51.63	869	-76.11
2pkg	-34.10	1318	-66.61
2i25	-51.37	489	-69.05
2qej	-51.13	803	-74.43
2omv	-50.92	564	-69.94
2pon	-33.41	179	-45.55
2ot3	-32.79	410	-49.06
2pms	-45.59	880	-70.26
2ju0	-39.95	227	-52.95
2omt	-39.95	567	-59.03
2q7n	-62.78	1320	-95.32
2qc1	-62.78	286	-76.83
2omw	-28.54	566	-47.60
2qiy	-39.52	317	-54.13
2omx	-39.50	569	-58.61
2noj	-45.01	1344	-77.98
2rf9	-27.89	602	-47.59
2q0o	-44.67	643	-65.11
2r9p	-27.70	1128	-56.81
2oor	-44.58	915	-69.88
2phe	-27.53	158	-39.30
2rmk	-38.64	273	-52.46
2ij0	-55.62	621	-75.66
2p4a	-55.62	490	-73.32
2jgz	-17.12	548	-35.86
2p1l	-32.18	660	-52.92
2oza	-49.10	672	-70.06
2i3t	-31.78	1484	-67.25
2ot8	-43.94	1674	-82.81
2ra3	-61.07	562	-80.06
2v8s	-26.58	230	-39.63
2p49	-43.60	242	-56.87
2j8s	-43.11	3426	-113.31
2v6x	-25.99	119	-37.06
2yvj	-20.16	909	-45.35
2hqw	-49.65	160	-61.45
2iou	-31.16	3272	-98.60
2i3s	-31.07	1102	-59.71
2iyb	-31.07	705	-52.62
2psm	-60.06	371	-75.63
2iwg	-42.42	776	-65.23
2z3q	-59.48	389	-75.38
2z3r	-59.48	1534	-95.85
2vda	-31.52	856	-55.77
2pop	-30.69	810	-54.11
2z8w	-47.53	902	-72.60
2z8v	-47.48	902	-72.55
2omz	-36.52	571	-55.67
2ihs	-42.23	433	-58.91
2jt4	-25.10	147	-36.67
2ptt	-30.81	211	-43.52
2j59	-41.44	1669	-80.22
2oob	-24.22	116	-35.23
2v3b	-30.26	434	-46.96
2qho	-24.10	488	-41.77
2onl	-46.93	1307	-79.24
2ibf	-46.28	302	-60.62
2v9t	-46.15	317	-60.76
2uyz	-40.45	234	-53.57
2px9	-23.16	375	-38.80
2i26	-45.81	736	-67.91
3biw	-40.03	2840	-99.75
2o8v	-34.01	337	-48.98
2g81	-44.90	279	-58.83
2nz1	-44.20	1305	-76.47
2jod	-36.85	139	-48.28
2nqd	-59.41	330	-74.25
2uuy	-47.10	275	-60.96
3c5t	-54.35	129	-65.60
2z7f	-46.73	268	-60.46
3brt	-44.20	205	-56.81
3brv	-43.54	204	-56.13
2qur	-37.68	358	-53.02
3c59	-49.10	128	-60.33
3ehu	-31.29	914	-56.57
2za4	-56.24	390	-72.15
2vdb	-56.07	629	-76.26
3dxc	-38.00	307	-52.43
2k05	-38.24	206	-50.86
3dvu	-38.24	309	-52.70
2roz	-37.07	168	-49.01
3dxe	-36.99	308	-51.44
3dxd	-36.92	307	-51.35
2vlp	-70.01	216	-82.81
2jti	-35.56	397	-51.60
2jzn	-18.84	431	-35.49
1vsq	-18.84	429	-35.45
3ddc	-34.89	299	-49.18
2vof	-52.25	332	-67.13
2vlo	-68.78	222	-81.69
2z34	-34.54	347	-49.68
3c4m	-34.30	978	-60.73
3f5c	-34.51	607	-54.30
2v51	-34.25	759	-56.76
2qja	-51.13	386	-66.97
2voi	-51.13	174	-63.18
2v4z	-33.69	438	-50.46
2jjt	-33.79	455	-50.87
2jjs	-33.79	465	-51.04
2jki	-33.02	921	-58.43
2vln	-67.21	214	-79.98
2v52	-32.66	390	-48.57
2p45	-39.59	240	-52.82
2p46	-39.59	472	-56.97
2p48	-39.59	240	-52.82
2p47	-39.59	239	-52.80
3ch5	-22.38	230	-35.43
3eg5	-33.69	1030	-61.05
3eab	-28.09	759	-50.60
2ver	-27.87	253	-41.33
2rms	-39.23	132	-50.53
2q5d	-44.56	1775	-85.24
2p8q	-44.56	912	-69.81
2rnr	-38.95	170	-50.93
2z58	-44.50	384	-60.31
2k6d	-21.50	138	-32.91
2otk	-44.35	111	-55.27
3d5r	-44.07	724	-65.96
2voh	-51.37	179	-63.51
3dgc	-51.37	691	-72.67
3d5o	-34.25	1191	-64.49
3eba	-49.24	252	-62.69
3e2u	-32.18	383	-47.97
2qj9	-49.20	386	-65.04
2k3s	-31.78	186	-44.05
3eoy	-48.82	1577	-85.96
2p44	-43.94	237	-57.12
2jy6	-26.82	128	-38.05
3bn3	-26.82	376	-42.48
2vog	-38.11	167	-50.04
2vlq	-60.74	218	-73.58
3bk3	-43.71	342	-58.76
2p43	-43.60	244	-56.90
2p42	-43.60	484	-61.19
3d5s	-43.29	724	-65.18
3blh	-37.23	546	-55.93
3ech	-37.23	288	-51.32
3d7u	-25.82	1020	-53.00
3cx8	-36.92	512	-55.01
2k42	-42.56	108	-53.43
2vsm	-42.56	550	-61.33
2k2u	-36.78	150	-48.40
2efh	-42.49	796	-65.66
3c66	-31.52	1105	-60.22
3bp8	-47.85	911	-73.08
3dvm	-47.74	162	-59.58
3c4p	-47.70	430	-64.33
3cqx	-30.52	918	-55.87
3c4o	-47.59	430	-64.22
3cx6	-30.36	505	-48.33
2qjb	-47.43	382	-63.20
2jtt	-30.31	242	-43.58
2vyr	-41.99	1336	-74.82
3ejj	-36.20	565	-55.24
3cqc	-47.93	433	-64.61
3cqg	-47.93	409	-64.18
2k5b	-30.81	339	-45.81
2ve7	-30.81	1010	-57.81
3beg	-41.67	434	-58.37
3cx7	-35.87	512	-53.96
2efd	-46.44	796	-69.61
3c9a	-46.31	511	-64.39
2vay	-46.25	167	-58.18
3d7t	-23.71	514	-41.84
2v5q	-40.80	829	-64.56
3crk	-29.00	903	-54.09
2qna	-40.42	774	-63.20
3bik	-29.09	446	-46.00
3bs5	-40.15	157	-51.90
3bh6	-40.08	475	-57.51
3bx1	-33.60	900	-58.63
3d1m	-33.60	484	-51.19
3b4v	-60.06	1280	-91.89
3fju	-50.20	372	-65.79
2oul	-50.05	348	-65.21
3ixe	-33.90	241	-47.15
3iol	-37.68	126	-48.87
2w84	-40.84	77	-51.16
3da7	-39.30	774	-62.08
3fp6	-74.20	281	-88.16
2wjv	-38.24	1654	-76.75
3inb	-38.24	1044	-65.85
2kbw	-37.07	191	-49.43
2khs	-36.78	156	-48.51
2wel	-37.23	449	-54.20
2w83	-36.40	613	-56.30
3g3a	-36.34	1168	-66.16
3gty	-53.24	561	-72.21
2zvk	-36.52	777	-59.35
2k79	-18.12	171	-30.12
2k7a	-18.12	171	-30.12
3idc	-52.64	501	-70.54
2wp0	-34.43	532	-52.88
3knb	-34.40	194	-46.81
3h3g	-34.27	493	-52.02
3ew3	-50.92	569	-70.03
2wy2	-16.47	412	-32.78
3hcu	-33.27	509	-51.31
3hct	-33.27	252	-46.72
2zvo	-33.08	471	-50.44
2zvn	-33.08	931	-58.67
2k8c	-15.67	156	-27.40
2k8b	-15.67	156	-27.40
3htu	-32.79	439	-49.58
2wo2	-28.35	314	-42.90
3k8p	-45.66	869	-70.14
3idb	-45.36	492	-63.10
3eiq	-39.72	1013	-66.77
3ifq	-39.59	1258	-71.02
2knb	-28.30	138	-39.71
3hh2	-45.15	771	-67.88
3h2u	-27.97	915	-53.27
3f1p	-22.38	225	-35.34
3gni	-45.21	639	-65.58
3ff8	-22.18	425	-38.72
2wqz	-39.27	1443	-74.01
3hpw	-27.89	235	-41.03
2w19	-39.12	983	-65.64
2wfx	-44.83	570	-63.96
3hg0	-44.50	523	-62.79
3di2	-27.08	616	-47.03
3g9v	-68.49	613	-88.39
3kv4	-34.25	444	-51.13
3gc3	-32.41	678	-53.47
2wo3	-32.18	318	-46.81
2k8f	-31.78	129	-43.03
2kc8	-38.24	128	-49.47
3ff7	-21.11	419	-37.54
3gxu	-38.20	309	-52.66
3doe	-43.94	303	-58.30
3g7z	-61.07	269	-74.82
3fhc	-43.75	605	-63.51
3di3	-43.82	311	-58.32
3h8k	-43.82	192	-56.19
3h2v	-26.57	977	-52.98
3ho5	-38.00	1051	-65.73
3jvf	-37.30	478	-54.79
3etb	-60.15	1489	-95.71
3gqi	-42.70	530	-61.12
3g3b	-42.63	1065	-70.61
3g9w	-25.36	500	-43.24
3gj8	-31.52	461	-48.70
2zxx	-47.70	644	-68.15
3it8	-59.17	2706	-116.49
3gj5	-24.70	454	-41.76
3f7p	-24.60	1069	-52.65
3gj3	-24.60	229	-37.63
2w81	-47.93	1083	-76.23
2w80	-47.93	1467	-83.10
3gj7	-30.81	457	-47.92
3kls	-47.14	3482	-118.34
2ka6	-41.57	137	-52.96
2k2s	-41.53	191	-53.89
2ka4	-41.30	157	-53.05
3ejh	-30.26	210	-42.95
3gb8	-29.61	1227	-60.49
3gj6	-29.61	229	-42.64
3gj4	-29.57	453	-46.61
2kj4	-41.02	119	-52.09
2wg3	-40.71	1120	-69.68
2wg4	-40.70	566	-59.76
2wwx	-40.54	370	-56.10
2k3u	-46.09	111	-57.01
2kde	-28.83	263	-42.47
2wx0	-29.09	351	-44.31
3ia3	-40.13	450	-57.12
3bzd	-22.93	343	-38.00
2kgx	-28.80	265	-42.48
3gmw	-58.80	832	-82.62
3fxd	-43.94	214	-56.71
3fsh	-47.38	355	-62.67
3h8d	-40.51	614	-60.43
3e1z	-59.61	321	-74.29
3h6s	-57.63	1480	-93.03
3fii	-49.78	429	-66.39
3fie	-51.37	875	-75.95
3k9m	-49.65	704	-71.18
3e2l	-58.00	839	-81.94
3e2k	-58.00	843	-82.01
3g7a	-45.92	66	-56.04
3f50	-45.92	60	-55.93
3n00	-39.72	205	-52.33
3mc0	-39.40	673	-60.37
3fpu	-56.62	166	-68.53
3laq	-55.76	767	-78.41
2wpt	-39.95	195	-52.38
3ogo	-54.19	1369	-87.61
3l9j	-54.04	279	-67.97
3mca	-36.58	718	-58.36
3kuc	-36.27	243	-49.55
3o6q	-53.29	368	-68.81
2kwj	-35.96	133	-47.28
2wp3	-34.82	196	-47.26
2wwk	-33.63	198	-46.11
3oky	-33.60	1149	-63.08
3ma2	-33.19	575	-52.41
3kud	-32.93	241	-46.18
3m0a	-32.93	260	-46.52
3osl	-49.91	740	-72.08
3k75	-39.72	791	-62.80
3kz1	-39.72	1075	-67.88
2xb6	-39.61	1424	-74.01
2kxh	-27.70	230	-40.75
3k6g	-44.42	371	-59.99
3oak	-38.65	362	-54.06
2x1w	-44.50	1154	-74.07
2x1x	-44.50	304	-58.88
2l0f	-21.49	121	-32.59
3m63	-38.57	1025	-65.84
3m18	-55.62	372	-71.21
2kwi	-38.44	234	-51.56
2wh6	-44.20	179	-56.34
2rr3	-32.41	172	-44.43
3onw	-49.30	702	-70.79
2kwk	-32.18	134	-43.52
3mjh	-32.08	402	-48.21
3mhp	-31.74	611	-51.60
3a4s	-31.69	446	-48.60
3ohm	-38.24	1077	-66.44
3hug	-43.94	1363	-77.25
3ncc	-3.85	392	-19.80
3kyi	-20.90	231	-33.97
2xdf	-26.70	1316	-59.17
3o6b	-37.92	1272	-69.60
2wd5	-43.71	368	-59.23
3mzw	-60.83	622	-80.89
3ouw	-43.60	524	-61.91
2ktf	-26.47	108	-37.34
3l89	-37.37	3715	-112.73
3nvq	-37.34	2124	-84.26
3kj2	-49.65	173	-61.68
3kj1	-49.65	174	-61.70
3kj0	-49.65	181	-61.83
2wvw	-32.53	5416	-138.31
3npz	-31.40	587	-50.84
3n06	-14.32	392	-30.27
2l14	-31.44	108	-42.31
3m9d	-31.21	2418	-83.38
3oiq	-30.94	213	-43.69
2xgy	-25.82	294	-40.02
2xqr	-42.86	4098	-125.07
2xa0	-42.54	326	-57.31
3oux	-42.56	550	-61.33
2wy8	-36.78	358	-52.12
3kw5	-36.61	298	-50.88
3jza	-65.77	361	-81.16
2x9a	-30.57	302	-44.91
3mzg	-13.15	392	-29.10
3ajb	-42.18	319	-56.82
3lbx	-36.52	322	-51.22
2kwo	-24.71	133	-36.03
2kri	-24.76	120	-35.85
3im4	-41.77	126	-52.96
3n0p	-13.08	392	-29.03
3ol2	-30.02	1110	-58.81
2kvq	-24.55	139	-35.98
2kwu	-24.50	112	-35.44
2kqs	-24.30	117	-35.33
3mj7	-30.26	418	-46.67
2x2d	-29.76	609	-49.59
2l0t	-23.94	239	-37.15
2wy3	-40.98	610	-60.83
3lb8	-23.86	1043	-51.45
2kyg	-40.95	138	-52.36
3me2	-58.03	322	-72.73
3k2m	-46.55	399	-62.62
3egg	-46.01	814	-69.50
3kbt	-45.84	886	-70.62
3gs2	-45.87	276	-59.74
3nvn	-45.81	857	-70.07
3ixs	-40.22	812	-63.68
2kwv	-23.09	112	-34.03
3ncb	-5.89	392	-21.84
3k1r	-51.37	266	-65.07
2wus	-30.26	837	-54.17
3lms	-50.92	383	-66.71
3l33	-39.19	1104	-67.87
2xtt	-61.07	258	-74.62
3kz0	-37.46	334	-52.37
2yj1	-45.01	321	-59.69
3qbr	-42.63	371	-58.20
3zrz	-60.06	214	-72.83
2xqw	-38.50	711	-60.15
3p71	-36.64	618	-56.63
3alz	-35.87	526	-54.21
3au4	-35.82	556	-54.70
3tac	-35.73	616	-55.68
3ry6	-18.84	595	-38.42
3oed	-35.96	848	-60.06
3ona	-35.20	224	-48.15
3syn	-35.51	1096	-64.05
2y8s	-51.40	848	-75.50
3qbt	-34.51	1217	-65.21
3n4i	-51.13	430	-67.76
3qhy	-68.26	529	-86.66
3rt0	-33.79	972	-60.11
3noc	-50.36	3391	-119.93
3o5t	-33.24	395	-49.24
3qq8	-33.24	257	-46.78
2kxw	-45.66	100	-56.39
3qc8	-28.26	250	-41.67
2xze	-39.65	322	-54.35
3qlu	-45.43	1498	-81.15
2xbb	-28.30	904	-53.40
3rbb	-45.15	378	-60.85
2l2l	-45.13	79	-55.48
3onl	-28.09	371	-43.66
3oj2	-39.30	688	-60.54
3ojm	-39.30	356	-54.61
3qml	-45.01	1282	-76.87
2y8t	-44.79	855	-69.02
2xpx	-38.95	176	-51.04
3zs9	-38.95	661	-59.71
3zwl	-38.79	769	-61.48
3b08	-27.19	836	-51.08
3rea	-38.51	372	-54.10
3q9n	-44.35	588	-63.80
3sja	-44.35	2002	-89.09
3sua	-26.96	2048	-72.52
2l9s	-32.29	139	-43.72
3owt	-31.98	316	-46.57
3sf4	-49.20	1183	-79.29
3rdz	-48.92	574	-68.12
3sgk	-48.73	586	-68.15
3r4d	-43.78	856	-68.03
3nog	-43.66	3382	-113.07
3qbq	-37.89	638	-58.24
2kt5	-25.99	164	-37.86
2y9m	-49.65	283	-63.65
3aon	-48.49	279	-62.42
3r9a	-31.14	1355	-64.31
2xhe	-48.00	787	-71.01
3t6g	-42.94	837	-66.85
3sjd	-42.86	919	-68.23
3oxu	-25.50	1252	-56.83
3q4f	-30.75	1536	-67.15
3qs7	-42.23	1627	-80.26
3r85	-25.02	633	-45.28
3pvm	-42.10	5704	-153.03
2x89	-41.99	744	-64.23
3q9u	-47.28	589	-66.75
3s8v	-41.67	1277	-73.44
3zs8	-41.62	705	-63.17
3t1q	-30.26	443	-47.12
3uyo	-29.49	208	-42.15
3rzw	-40.91	331	-55.77
3rgf	-46.53	587	-65.97
3zyi	-46.44	698	-67.86
3zyj	-46.25	1444	-81.01
3sku	-40.84	1219	-71.58
3s2k	-40.79	1298	-72.94
2l1l	-46.55	154	-58.24
2xns	-34.77	710	-56.40
3qht	-40.45	338	-55.43
2ld7	-45.87	169	-57.83
3olm	-23.08	486	-40.71
3qsk	-40.19	242	-53.46
3reb	-40.06	339	-55.06
2ygg	-43.94	212	-56.67
3t04	-41.57	201	-54.10
3ay4	-41.22	591	-60.73
4a1u	-35.77	163	-47.62
3qtl	-50.48	892	-75.37
3o40	-50.54	226	-63.52
3p95	-33.24	282	-47.22
3pnr	-45.23	369	-60.77
3zv0	-22.59	963	-48.75
4a94	-64.55	706	-86.11
3p92	-46.97	282	-60.95
3o43	-45.92	223	-58.85
4eah	-51.77	2852	-111.70
3ujg	-34.65	605	-54.41
3ukx	-60.06	449	-77.03
3ro2	-41.88	350	-57.08
4di3	-41.22	1439	-75.89
3uzq	-57.57	329	-72.39
2lxm	-57.63	199	-70.13
3v6b	-37.40	281	-51.36
3tsr	-89.60	2305	-139.75
4eee	-55.36	518	-73.56
4b1v	-37.07	763	-59.65
4etp	-36.71	666	-57.56
4g59	-36.40	853	-60.59
3uzv	-53.46	326	-68.23
3tkl	-36.34	363	-51.77
4auo	-36.52	912	-61.77
4dbg	-35.87	228	-48.89
3uz0	-35.68	503	-53.61
4dt1	-35.68	404	-51.84
3tei	-35.96	356	-51.27
3u9d	-35.96	756	-58.42
4ft4	-35.96	1391	-69.77
4apf	-35.31	605	-55.07
3twi	-35.51	859	-59.81
3ux9	-52.09	720	-73.90
2luh	-35.13	226	-48.11
4afz	-51.63	560	-70.58
4dra	-33.86	677	-54.90
4ehq	-33.60	165	-45.49
3u9z	-33.18	377	-48.86
4dm6	-33.24	502	-51.16
4dm8	-33.24	493	-50.99
4dxa	-32.79	470	-50.13
3qt2	-49.78	1051	-77.51
2lpb	-28.51	115	-39.51
4hcn	-22.67	322	-37.37
3ul4	-45.34	205	-57.95
3zuv	-39.56	958	-65.63
2lvo	-27.93	128	-39.16
2lkm	-45.21	214	-57.98
4fzv	-44.95	568	-64.05
2lvp	-27.81	204	-40.40
3vyr	-39.12	443	-55.98
2l29	-44.61	209	-57.29
3zwh	-33.18	235	-46.32
4f9p	-44.66	859	-68.96
3vhx	-27.53	1050	-55.24
3sri	-38.71	311	-53.21
3p9w	-44.50	875	-69.09
3u82	-44.33	531	-62.76
3v4y	-44.23	1340	-77.13
4g6u	-44.23	365	-59.70
4g8a	-55.54	1486	-91.05
2lox	-38.36	135	-49.71
4h6j	-38.36	217	-51.18
3t0y	-38.32	313	-52.86
3u43	-85.62	224	-98.57
4eoz	-34.25	797	-57.44
4giq	-32.42	319	-47.06
3ul0	-49.30	449	-66.27
4b93	-32.18	348	-47.34
4eqa	-49.18	592	-68.70
3ukz	-49.20	450	-66.19
4afq	-49.20	566	-68.26
4aqe	-32.08	444	-48.96
3uez	-66.22	1307	-98.53
3vpj	-48.84	1172	-78.74
3ul1	-48.91	447	-65.84
3ula	-48.78	832	-72.60
4f38	-48.73	382	-64.50
2lqc	-31.61	101	-42.36
4apx	-31.61	446	-48.52
3zwz	-43.91	333	-58.80
4ap2	-43.94	625	-64.06
4g6v	-43.81	936	-69.49
2lp0	-26.56	80	-36.93
2lvq	-26.52	204	-39.11
3qwq	-49.65	713	-71.34
4ayi	-49.65	482	-67.21
4etw	-31.44	660	-52.18
4f48	-31.36	338	-46.34
2leh	-48.41	215	-61.19
3u8x	-31.21	756	-53.67
3sjh	-31.21	379	-46.93
3tl8	-31.14	1560	-67.97
4dh2	-42.73	456	-59.82
4aye	-31.26	1091	-59.71
2ly4	-36.88	130	-48.14
4dge	-25.20	609	-45.03
3uyp	-30.75	322	-45.45
2y5b	-30.69	940	-56.44
4a49	-24.98	222	-37.89
3qi2	-41.93	695	-63.30
3qbv	-36.08	950	-62.01
2lp4	-13.69	353	-28.94
2lnk	-47.93	241	-61.18
2lfw	-47.10	219	-59.96
4gh7	-47.02	901	-72.07
4exp	-35.96	454	-53.02
3tu3	-41.35	645	-61.82
3oun	-41.30	347	-56.44
4a1s	-47.38	746	-69.66
4ag2	-46.85	565	-65.89
3zu7	-46.69	498	-64.53
4f9l	-40.98	891	-65.85
4did	-29.80	306	-44.21
4ds8	-29.19	471	-46.55
4ayd	-34.74	1084	-63.06
2lqh	-23.23	139	-34.66
3uze	-46.21	623	-66.29
4hcp	-28.69	320	-43.35
4dkd	-40.11	593	-59.65
4dj9	-39.98	265	-53.66
3ukw	-56.84	448	-73.79
4f0a	-32.08	412	-48.39
4dcn	-31.29	719	-53.09
4dvg	-31.52	458	-48.65
3uir	-53.43	601	-73.12
4gi3	-52.33	331	-67.19
3tg1	-34.22	464	-51.46
3v96	-51.13	323	-65.85
4dzv	-45.43	215	-58.21
4dg4	-31.78	1128	-60.89
4an7	-48.49	379	-64.21
2yq7	-42.56	163	-54.41
4g35	-41.48	147	-53.05
4hx3	-46.93	1466	-82.08
4ksd	-37.59	1300	-69.77
3tz1	-39.10	95	-49.74
3w8h	-38.73	256	-52.25
4k0a	-55.62	361	-71.01
4kbb	-38.50	867	-62.94
4hgk	-55.49	1172	-85.39
4gn4	-37.65	237	-50.83
4bpx	-37.68	1147	-67.13
4c4p	-37.68	223	-50.61
4hff	-54.62	251	-68.05
4hfk	-54.62	515	-72.77
4kt3	-54.71	265	-68.39
4b1y	-37.49	394	-53.47
3zet	-37.31	563	-56.32
3zeu	-37.31	1134	-66.53
4l67	-37.07	309	-51.53
4hdo	-36.78	473	-54.18
4iyp	-37.23	317	-51.84
4ic7	-36.34	942	-62.12
4bqd	-53.09	181	-65.27
4awx	-35.96	315	-50.53
4iop	-52.36	238	-65.56
4bfi	-35.51	393	-51.48
4gu0	-34.99	3019	-97.91
4fq0	-34.59	522	-52.86
4c5g	-34.17	471	-51.53
4kt5	-34.01	311	-48.51
4dx8	-33.71	1019	-60.87
4j32	-50.76	258	-64.31
3zkq	-50.92	489	-68.60
4hh3	-33.60	711	-55.25
4jeu	-50.54	783	-73.48
4jo6	-50.32	531	-68.75
4gko	-16.12	1987	-60.59
4h2w	-32.89	744	-55.13
4gaf	-67.04	458	-84.17
4hsa	-49.78	965	-75.97
3vep	-28.47	458	-45.60
4asw	-39.95	239	-53.16
2m04	-45.66	199	-58.16
4hem	-45.66	755	-68.10
2m49	-28.54	434	-45.24
4geh	-45.27	530	-63.69
4c99	-39.63	514	-57.76
4h5s	-27.99	196	-40.43
2m0j	-45.21	176	-57.30
4jeg	-45.21	207	-57.85
2lz6	-28.09	136	-39.46
4llo	-27.85	1143	-57.23
4jw3	-33.33	416	-49.71
4je4	-44.83	195	-57.26
4jzw	-61.71	723	-83.58
4kgg	-38.90	608	-58.71
4j6g	-44.45	603	-64.17
4kr0	-44.39	936	-70.07
4hgm	-44.50	581	-63.83
3znz	-38.29	412	-54.60
4ios	-44.07	861	-68.40
4eig	-51.37	276	-65.24
4hrl	-51.37	331	-66.23
3w8i	-49.47	251	-62.90
2m86	-49.00	134	-60.34
4glv	-48.71	941	-74.48
4iu3	-43.84	443	-60.70
4bru	-38.24	404	-54.40
4aoq	-38.21	773	-60.97
4i6l	-43.94	292	-58.10
4h2s	-26.64	699	-48.08
4ekc	-43.71	890	-68.56
4ekd	-43.71	450	-60.70
3wa5	-43.10	520	-61.34
4c9b	-43.07	666	-63.92
4jra	-43.11	1005	-70.02
4bsr	-49.65	1170	-79.51
4h3p	-32.53	713	-54.22
4ng2	-31.36	1368	-64.76
4g01	-31.21	402	-47.34
4k81	-31.07	1660	-69.69
4jw2	-48.13	263	-61.77
4hep	-37.23	292	-51.39
4gn5	-42.85	478	-60.34
4ihl	-36.88	472	-54.26
4gla	-25.41	436	-42.15
2m55	-25.43	167	-37.36
4kgq	-42.49	609	-62.32
3v3k	-42.31	3238	-109.15
4lad	-42.35	223	-55.28
4hnj	-48.65	294	-62.85
4eiz	-48.65	572	-67.82
4euk	-30.75	288	-44.84
4b1x	-30.61	385	-46.43
4gn3	-30.46	2104	-77.02
4kjy	-59.27	456	-76.36
3zo0	-36.30	388	-52.18
4i0c	-36.17	513	-54.28
4krl	-41.83	327	-56.62
2m5a	-41.77	116	-52.78
4i9x	-46.94	572	-66.11
4brw	-41.67	406	-57.87
3vv2	-58.70	385	-74.52
4kt1	-41.37	551	-60.16
4ika	-24.20	482	-41.76
2lww	-41.35	170	-53.33
4ihh	-41.26	2336	-91.97
4bkx	-30.26	530	-48.68
4aor	-41.18	771	-63.91
4iw4	-35.47	755	-57.91
3wn7	-46.44	620	-66.47
4jeh	-46.18	777	-69.01
4ka2	-63.22	361	-78.61
2m0g	-40.39	249	-53.78
4j2l	-40.26	294	-54.46
4dpg	-40.22	4148	-123.33
4lqw	-22.98	625	-43.09
4fza	-39.98	605	-59.74
3vux	-28.80	327	-43.59
2m5b	-28.54	188	-40.84
3w6j	-41.39	956	-67.42
4j2y	-51.69	388	-67.57
4doq	-39.12	754	-61.54
4bd9	-42.86	469	-60.19
4ilw	-47.01	682	-68.14
4nst	-35.18	1126	-64.25
4bpk	-45.11	303	-59.47
4plo	-42.35	604	-62.09
4pbz	-41.67	408	-57.91
4lgr	-56.84	375	-72.48
4mit	-38.52	879	-63.18
4m1l	-38.50	168	-50.44
3wkt	-39.95	1618	-77.82
4pz6	-38.11	755	-60.55
4lgp	-55.01	753	-77.41
4ml7	-54.61	455	-71.69
4qt8	-37.40	1719	-77.08
4jmf	-37.25	282	-51.23
4peq	-89.60	1156	-119.21
4pc0	-38.24	846	-62.31
3wry	-37.15	1705	-76.58
4pl8	-37.07	726	-58.99
4qxa	-37.07	319	-51.71
4p1n	-36.78	497	-54.61
4nqw	-36.40	221	-49.29
4r8g	-36.01	748	-58.32
4lrz	-35.96	2017	-80.96
4ofy	-35.50	1905	-78.50
4kdi	-35.10	463	-52.32
4kvg	-35.13	818	-58.70
4cmm	-34.80	236	-47.96
4mrt	-34.45	302	-48.79
4nso	-51.42	285	-65.46
4byf	-34.51	1690	-73.67
3wdg	-50.92	326	-65.69
4pqt	-34.01	261	-47.62
4u0q	-34.01	933	-59.63
4cu4	-33.79	714	-55.50
4re1	-33.79	505	-51.76
4w6y	-50.24	274	-64.08
3wkn	-50.20	2010	-95.08
4qlb	-33.08	2725	-90.74
4kv5	-50.05	1366	-83.41
2mcn	-32.66	133	-43.98
4cdk	-32.66	1040	-60.20
4k1r	-28.49	531	-46.92
4k5a	-45.59	325	-60.34
4q96	-22.51	551	-41.30
4cj2	-45.43	381	-61.18
4pas	-39.37	74	-49.63
2ru4	-39.38	199	-51.88
4m38	-28.09	674	-49.08
4m5f	-62.04	523	-80.33
2mbb	-22.18	114	-33.16
4p3y	-39.02	567	-58.10
4ons	-44.53	552	-63.34
4pou	-38.84	240	-52.07
4lrx	-27.53	1302	-59.75
4n7z	-38.54	248	-51.91
2mej	-27.22	339	-42.22
4d0n	-27.07	550	-45.84
4v2c	-27.08	858	-51.36
4myw	-44.06	1070	-72.13
4bwq	-26.86	635	-47.15
2mre	-26.95	112	-37.89
4per	-85.62	567	-104.70
4u2x	-51.37	1162	-81.09
3wrx	-32.41	1699	-71.73
4pbv	-32.08	1095	-60.60
4u5w	-31.85	550	-50.62
4ra0	-66.03	1145	-95.44
4c4k	-31.78	191	-44.14
4mqv	-31.61	182	-43.80
4mjs	-43.75	2060	-89.52
4oyd	-55.12	548	-73.86
4ojk	-26.58	404	-42.74
2mnu	-37.89	119	-48.96
2ruk	-26.35	128	-37.58
4bxl	-37.78	114	-48.76
4nl9	-37.69	248	-51.06
2mp0	-9.14	398	-25.20
4nzl	-43.39	314	-57.94
4ct0	-43.11	582	-62.46
4x7f	-43.11	836	-67.00
4p6i	-37.31	1291	-69.33
4w6w	-48.21	265	-61.89
4x7d	-48.26	840	-72.22
4u4c	-37.15	980	-63.61
2mak	-20.03	210	-32.72
4lyl	-42.86	2440	-95.43
4n7v	-42.78	477	-60.25
4v0o	-36.86	1938	-80.45
4v0n	-36.86	1927	-80.25
4qzv	-25.38	1870	-67.76
4msm	-31.52	524	-49.83
2mj5	-30.63	128	-41.86
4ol0	-47.53	1074	-75.67
4noo	-47.42	578	-66.69
4ovn	-41.88	1373	-75.37
4pp8	-36.03	546	-54.73
4cj1	-41.77	607	-61.56
4lzx	-47.35	182	-59.54
4w6x	-47.26	267	-60.97
2mfq	-30.16	137	-41.55
4lxr	-46.97	885	-71.73
4nzw	-35.94	575	-55.16
4pbw	-35.72	1359	-68.96
4js0	-30.26	207	-42.90
2mjw	-29.72	390	-45.63
3wwn	-29.56	317	-44.17
4m0w	-29.53	393	-45.50
4ln0	-46.62	457	-63.73
4k5b	-52.46	601	-72.15
3wo3	-40.87	2624	-96.73
4m6b	-46.51	418	-62.92
4x7e	-46.55	847	-70.63
4mp0	-46.01	644	-66.46
2mur	-28.73	122	-39.85
4c2a	-45.74	468	-63.05
4kfz	-40.11	548	-58.85
4cj0	-40.00	594	-59.56
4c2b	-45.92	1845	-87.85
4l0p	-45.92	314	-60.47
2mlz	-27.70	539	-46.28
4c7n	-51.37	98	-62.06
4q5u	-68.49	169	-80.45
2mly	-32.53	582	-51.88
4mne	-42.05	2179	-89.95
2mlx	-30.81	523	-49.10
4niq	-30.26	203	-42.83
4u30	-39.16	1112	-67.98
4u32	-36.65	278	-50.56
4nm3	-24.10	376	-39.76
4nu1	-24.10	375	-39.75
4zgm	-55.49	128	-66.72
4ywc	-37.73	402	-53.86
5agw	-47.33	306	-61.74
4zii	-42.70	176	-54.79
4rws	-48.65	508	-66.67
5bnq	-55.97	322	-70.67
4yh7	-38.95	909	-64.14
4wen	-39.95	374	-55.58
4zkc	-55.12	277	-69.01
4qlp	-55.01	374	-70.64
4rwt	-37.89	1186	-68.04
4zk9	-54.91	277	-68.80
4x33	-37.68	384	-53.49
4zi2	-36.40	615	-56.34
5abv	-52.99	947	-78.86
5dfw	-53.09	312	-67.61
5d3i	-52.64	739	-74.79
4yoc	-35.51	1411	-69.68
4zgy	-35.13	508	-53.15
2mzd	-34.57	115	-45.57
2n2h	-34.43	152	-46.09
5cff	-34.08	618	-54.07
4xxb	-33.27	193	-45.66
4xl5	-50.54	471	-67.90
4zlt	-50.54	879	-75.20
4y5o	-33.41	181	-45.59
2mv7	-50.27	94	-60.89
4yc7	-32.67	470	-50.01
3wqb	-49.91	696	-71.29
4d0g	-32.79	213	-45.54
4rey	-39.76	218	-52.60
4x7s	-45.66	440	-62.47
4s0s	-45.34	726	-67.26
5brm	-39.52	1054	-67.31
5bn5	-28.30	965	-54.49
4ui1	-39.42	353	-54.67
4z80	-45.21	995	-71.94
4pw9	-27.79	446	-44.70
5d1l	-39.10	257	-52.64
2rvb	-39.06	156	-50.79
4uyq	-61.95	217	-74.77
4wwi	-44.62	755	-67.06
2mro	-21.83	120	-32.92
4zqu	-44.50	298	-58.77
4yeb	-44.35	588	-63.80
5d1k	-38.50	256	-52.02
4ypi	-44.02	1500	-79.78
2n01	-34.25	129	-45.50
4zrk	-34.25	1258	-65.68
5dob	-34.25	402	-50.38
4yvq	-32.49	203	-45.06
4ydh	-31.93	1014	-59.00
4zgq	-31.97	374	-47.60
4zrj	-31.61	379	-47.33
4uyp	-61.07	436	-77.81
5cmn	-38.00	2272	-87.56
4rs1	-43.50	372	-59.09
4zv4	-43.60	1105	-72.30
5cyk	-37.69	804	-61.01
4rjf	-37.68	816	-61.21
4xlw	-37.57	1476	-72.90
5ajk	-31.84	978	-58.27
4pgj	-43.29	483	-60.87
4xhu	-43.29	846	-67.36
4pvz	-43.17	898	-68.17
4yyp	-37.40	119	-48.47
4yiq	-32.53	429	-49.14
5e6p	-32.53	579	-51.82
5aam	-48.06	646	-68.55
4xl1	-37.20	676	-58.23
4cvw	-60.06	1948	-103.83
5a6w	-42.86	227	-55.86
4wnd	-42.71	355	-58.00
5ajj	-31.35	167	-43.28
4tq1	-19.73	290	-33.86
4y61	-36.81	626	-56.94
4xkl	-25.16	217	-37.98
5aoq	-47.87	640	-68.25
4w4o	-47.81	683	-68.96
4xvp	-47.81	1155	-77.40
5aaw	-47.74	1941	-91.39
4xwj	-47.67	236	-60.83
5e3e	-42.17	622	-62.23
2mws	-24.81	154	-36.50
4pj2	-58.95	488	-76.62
4yl8	-30.07	327	-44.86
4d2g	-29.99	814	-53.48
4weu	-29.93	710	-51.56
5bw7	-41.56	582	-60.91
4uem	-46.77	379	-62.49
4wem	-29.49	369	-45.03
4uf1	-29.43	157	-41.18
4tq0	-29.46	852	-53.63
4uwx	-29.46	495	-47.25
2n1d	-41.22	226	-54.20
5d1m	-41.14	256	-54.66
4xoi	-29.32	772	-52.06
4x4m	-45.98	1377	-79.54
4yn0	-40.36	370	-55.92
4ui0	-40.27	261	-53.88
4yiz	-46.21	1289	-78.20
5cxb	-45.87	817	-69.42
5e7f	-45.90	764	-68.50
4yj4	-45.69	164	-57.56
5c3f	-34.80	170	-46.78
5gpg	-50.71	202	-63.26
5j57	-61.07	388	-76.95
5hvf	-60.06	490	-77.76
5hgg	-58.60	747	-80.90
5eg3	-39.21	414	-55.55
5hpy	-39.30	738	-61.44
5jsb	-38.95	1602	-76.53
5dcq	-38.50	1069	-66.55
5lxm	-38.50	297	-52.75
5eoa	-39.95	229	-52.98
5j7c	-55.25	452	-72.27
5ibw	-54.81	192	-67.18
5cw7	-71.65	1203	-102.10
5ifs	-55.36	1242	-86.51
5eo9	-36.71	312	-51.23
5li1	-36.12	351	-51.34
5ays	-53.05	678	-74.11
5cx3	-35.77	553	-54.60
5sv3	-52.53	585	-71.93
5hvg	-52.51	1042	-80.08
5lxq	-35.35	602	-55.05
5ep6	-35.06	163	-46.91
5boz	-52.25	2289	-102.12
5ctr	-34.56	1031	-61.93
5jsn	-34.80	528	-53.18
4xkh	-34.40	564	-53.42
5k8q	-51.63	169	-63.59
5kho	-34.51	541	-53.12
5c4v	-34.01	856	-58.26
5szk	-34.01	313	-48.55
5chv	-33.26	910	-58.47
5jg6	-33.08	279	-47.01
5kov	-49.82	3263	-117.10
5b78	-32.68	140	-44.12
4zrp	-49.91	956	-75.94
5fvk	-32.79	204	-45.38
2n8j	-45.49	170	-57.47
5b77	-28.35	140	-39.79
5czf	-57.08	270	-70.85
5et1	-39.79	708	-61.39
5b75	-28.54	143	-40.04
5dju	-45.34	400	-61.43
5ft8	-39.56	4281	-125.04
5g1x	-28.07	292	-42.23
5inb	-39.44	326	-54.21
5ius	-56.48	657	-77.17
4z9v	-28.09	418	-44.50
4rt6	-44.97	977	-71.38
5ij9	-27.81	856	-52.06
5eb1	-39.12	543	-57.77
5fr2	-39.10	364	-54.55
5hk5	-39.02	925	-64.50
5e95	-44.54	260	-58.13
5j8h	-38.90	175	-50.97
5jlv	-44.66	1038	-72.16
5djt	-44.35	203	-56.92
5j28	-38.32	652	-58.92
5ejc	-38.27	655	-58.92
5lz3	-26.95	158	-38.72
4z9k	-49.41	374	-65.04
5tar	-32.18	332	-47.06
5d50	-31.88	1670	-70.68
5glh	-60.98	473	-78.38
5f5s	-43.71	230	-56.76
5szi	-37.65	314	-52.20
5k22	-43.39	305	-57.78
5ee5	-26.17	365	-41.64
5d28	-43.20	688	-64.44
5l8j	-32.53	358	-47.87
5f3x	-48.56	530	-66.98
5j56	-48.49	383	-64.28
5fr1	-31.29	349	-46.47
5eof	-30.94	232	-44.03
2n73	-37.07	149	-48.67
5hps	-37.05	447	-53.98
5m72	-42.70	171	-54.70
5dc4	-42.56	192	-54.93
5kve	-42.56	331	-57.42
5imt	-36.73	537	-55.27
5elu	-36.43	166	-48.34
5kwy	-36.34	709	-57.96
5ip4	-36.22	383	-52.01
5f4e	-41.77	442	-58.61
5fzt	-24.65	329	-39.47
4udm	-47.93	180	-60.09
4xxw	-30.20	866	-54.62
5dmj	-47.24	844	-71.27
5b76	-29.89	144	-41.40
5hlz	-47.38	1154	-76.95
5jem	-29.80	977	-56.21
5eql	-40.91	158	-52.68
5fv2	-63.61	637	-83.94
5jze	-29.26	469	-46.59
5ij0	-29.12	856	-53.37
5ixd	-40.82	441	-57.65
5b64	-40.84	296	-55.07
5j4a	-40.77	440	-57.58
5ioh	-34.87	650	-55.43
5imy	-34.87	1102	-63.51
5szj	-17.71	320	-32.37
5d3f	-29.08	461	-46.26
5jyl	-46.01	645	-66.48
5fw5	-40.51	294	-54.71
5jmc	-40.33	2039	-85.73
5lz6	-29.09	157	-40.84
2nbv	-28.72	188	-41.02
5lrw	-28.72	706	-50.28
5hpk	-45.74	450	-62.73
5jke	-40.19	870	-64.69
5jtl	-35.96	1091	-64.41
5jto	-28.30	780	-51.19
5jtm	-27.53	720	-49.34
5jtr	-31.97	780	-54.86
5jtp	-25.10	708	-46.70
5jtq	-30.81	704	-52.34
5jtn	-29.09	730	-51.08
5c67	-57.37	555	-76.23
5jhw	-56.07	784	-79.03
5gy2	-57.03	1221	-87.80
5v62	-45.11	363	-60.54
5t0f	-43.02	199	-55.52
5nwm	-42.23	164	-54.10
5jw9	-40.33	148	-51.92
5gjk	-39.50	162	-51.34
5m2j	-56.43	254	-69.91
5u4m	-53.70	384	-69.51
5nvl	-54.35	455	-71.43
5omb	-36.34	440	-53.15
6atk	-36.34	2898	-97.10
5kxh	-36.01	388	-51.89
5nvk	-53.64	955	-79.66
5vx3	-53.64	657	-74.33
5xeq	-53.64	817	-77.19
5lp5	-36.52	1690	-75.68
5m2i	-52.90	1612	-90.66
5wy2	-35.77	329	-50.59
5o2u	-52.29	377	-67.97
5wrv	-35.03	177	-47.13
5wb7	-34.93	2186	-82.96
5ky5	-34.83	392	-50.78
5wgg	-35.13	451	-52.13
5o05	-51.89	847	-75.97
5uk5	-34.77	493	-52.52
5tvq	-34.56	328	-49.36
5npo	-34.37	486	-52.00
5tgh	-34.37	652	-54.97
5mad	-51.13	1544	-87.68
5lgk	-33.79	1432	-68.33
5vwy	-33.60	177	-45.70
5mv8	-33.41	599	-53.06
5sxp	-33.10	282	-47.08
5m2m	-50.36	1661	-89.00
5xbf	-32.93	586	-52.35
5iia	-49.90	922	-75.33
5tp6	-49.78	177	-61.88
5omm	-45.56	711	-67.21
5nt7	-28.39	490	-46.09
5uzu	-45.66	645	-66.13
5vt9	-45.66	331	-60.52
5ky4	-28.54	390	-44.45
5lhn	-45.38	373	-60.99
5mjy	-28.24	1477	-63.59
5vkl	-39.65	221	-52.54
5nus	-45.43	285	-59.47
5un7	-39.50	363	-54.93
5h7y	-39.40	299	-53.69
5vwx	-44.67	340	-59.69
5nvm	-44.83	407	-61.05
5hyc	-27.50	277	-41.39
5v5h	-38.82	241	-52.07
5u4k	-27.53	120	-38.62
5f5o	-38.76	1028	-66.08
6ba6	-21.63	253	-35.09
5o2t	-38.68	306	-53.09
5nqf	-38.65	333	-53.54
5tzq	-44.50	306	-58.91
6amb	-27.11	249	-40.50
5tl7	-15.57	781	-38.47
5mfc	-44.20	1044	-71.81
5un5	-44.20	417	-60.60
5hu3	-34.25	281	-48.21
5mv9	-34.25	600	-53.92
5me5	-32.35	189	-44.67
5gwp	-49.53	920	-74.92
5x4l	-32.14	486	-49.77
5swk	-31.91	370	-47.47
5vx2	-49.10	347	-64.24
5mn2	-31.88	518	-50.08
5m36	-31.74	464	-48.98
5h07	-31.68	367	-47.18
5wb8	-31.69	1073	-59.82
5ml9	-38.03	275	-51.89
5v5v	-43.82	4266	-129.04
5vx0	-26.70	377	-42.38
5mtn	-43.54	182	-55.73
5toj	-43.60	1823	-85.14
5odw	-54.91	1904	-97.89
5u4y	-43.39	527	-61.75
5ua4	-43.29	167	-55.22
5w8t	-26.07	792	-49.17
5u52	-43.20	484	-60.79
5y4r	-43.06	782	-65.98
5mak	-60.15	1025	-87.42
5ma5	-60.15	1039	-87.67
5mk0	-31.44	753	-53.84
5w3x	-31.23	817	-54.78
5imm	-48.26	245	-61.58
5ohp	-31.14	465	-48.39
5l21	-48.13	544	-66.80
5v52	-31.00	459	-48.15
5x0w	-31.00	852	-55.17
5my6	-47.94	671	-68.88
5o2s	-48.00	1283	-79.88
5ma6	-54.33	385	-70.15
5gwo	-42.94	945	-68.78
5tzp	-42.94	160	-54.74
5mtj	-36.93	205	-49.54
5oc7	-42.70	404	-58.86
6azp	-42.55	633	-62.81
5v69	-42.49	394	-58.47
5wos	-36.83	159	-48.61
5ma3	-59.48	529	-77.88
5jds	-48.65	242	-61.92
5y1z	-30.63	874	-55.20
5xjg	-30.51	1038	-58.01
5wuj	-36.38	142	-47.86
5v5i	-36.15	471	-53.51
5gtb	-24.76	153	-36.44
5ohm	-58.95	980	-85.41
5vko	-47.93	230	-60.98
5tzn	-29.89	525	-48.22
5ky9	-29.85	384	-45.66
5ufe	-41.66	220	-54.53
5nqg	-41.67	415	-58.03
5ma4	-58.70	523	-76.99
5v6a	-41.52	391	-57.45
5nvn	-41.44	400	-57.53
5tl6	-24.20	782	-47.12
5oaq	-41.30	244	-54.60
5ufq	-46.77	446	-63.68
5ky0	-29.61	387	-45.47
5o03	-41.22	887	-66.02
5vcb	-41.14	2970	-103.18
5twa	-40.98	369	-56.52
5mtm	-46.55	200	-59.07
5xsq	-46.42	1013	-73.47
5lpu	-29.15	860	-53.47
5xv8	-40.79	153	-52.47
5vxz	-69.31	956	-95.34
5o0w	-57.83	1985	-102.26
6b12	-46.18	530	-64.60
5xco	-45.95	189	-58.27
5imk	-34.65	243	-47.93
5vz4	-46.21	298	-60.48
5jw7	-28.77	323	-43.49
5jjd	-28.75	331	-43.61
5omn	-45.79	425	-62.33
5v5g	-45.92	488	-63.59
5o74	-28.54	2126	-75.49
5ovw	-51.52	2226	-100.26
5uul	-47.48	175	-59.55
5otx	-40.12	256	-53.64
5w89	-45.11	158	-56.88
5yqz	-47.90	586	-67.32
6h6y	-55.87	1587	-93.19
5g15	-38.64	353	-53.89
5yir	-54.61	409	-70.86
6mkz	-55.36	528	-73.74
6hul	-37.23	657	-57.92
5wpa	-35.73	479	-53.23
6a7v	-52.64	795	-75.79
6g04	-35.13	182	-47.32
6ejg	-51.89	640	-72.27
6ejm	-51.74	635	-72.03
6h9n	-34.80	227	-47.80
6fg8	-34.30	377	-49.98
5z78	-34.51	517	-52.69
5o90	-34.01	349	-49.19
6co2	-33.79	596	-53.39
5nqw	-50.54	668	-71.42
6dcn	-33.41	330	-48.25
6f9s	-33.05	210	-45.74
5xda	-33.08	3732	-108.75
6fv0	-32.90	384	-48.71
5nzz	-32.93	2863	-93.06
5yi8	-32.79	162	-44.63
6b05	-32.66	944	-58.48
6arq	-28.49	409	-44.74
5w9a	-22.76	611	-42.62
5oen	-45.66	336	-60.61
5xqz	-28.03	504	-45.98
6ff3	-44.90	247	-58.26
6e3j	-44.83	173	-56.86
6bxc	-45.01	1213	-75.64
5xwt	-27.63	1447	-62.44
6asr	-27.55	189	-39.87
5uv8	-39.11	737	-61.23
6bx5	-44.83	442	-61.67
5nt1	-27.36	878	-52.00
6fq0	-38.79	668	-59.67
6aaf	-38.77	134	-50.11
5uwc	-44.23	365	-59.70
5nl1	-38.58	991	-65.24
6e2p	-26.99	938	-52.70
5yc5	-38.50	595	-58.08
5xln	-31.99	191	-44.35
6isc	-32.08	337	-47.05
5vu0	-49.10	596	-68.70
6i3f	-43.91	758	-66.40
6fc3	-43.94	219	-56.80
6b8n	-38.11	878	-62.75
6bx4	-38.11	438	-54.88
5mr4	-38.00	766	-60.64
6gbu	-37.70	473	-55.10
6imf	-43.49	295	-57.70
5xiu	-26.27	120	-37.36
5ydr	-26.13	398	-42.19
5xod	-43.10	215	-55.88
5xnp	-37.39	1304	-69.65
6fub	-43.02	174	-55.07
6fuz	-31.37	379	-47.09
6e3i	-48.48	173	-60.51
5oy9	-30.97	446	-47.88
5yip	-48.13	146	-59.68
6gd5	-48.06	138	-59.47
6bmt	-37.15	643	-57.59
6fc2	-31.21	475	-48.64
5kof	-25.26	963	-51.42
5ywr	-42.29	237	-55.47
6fp7	-48.65	388	-64.53
5yis	-47.81	274	-61.65
6bw9	-47.70	440	-64.51
6h6z	-47.60	824	-71.27
6fu9	-47.53	329	-62.35
6f3z	-36.49	831	-60.29
6bxa	-42.23	1268	-73.84
6gbg	-36.41	431	-53.06
6h71	-42.02	812	-65.48
6fgo	-36.28	1094	-64.78
5vzm	-24.61	187	-36.89
6fhp	-41.77	805	-65.10
6g10	-46.97	230	-60.02
6dsl	-53.09	151	-64.73
6aw2	-41.35	460	-58.51
5n48	-47.38	534	-65.87
6mgp	-35.20	885	-59.96
6gbh	-40.87	852	-65.04
5oyl	-29.25	455	-46.33
5yr0	-29.22	92	-39.80
6fud	-40.73	158	-52.50
6eg1	-23.49	1029	-50.83
6eg0	-23.46	510	-41.52
5n47	-46.55	1268	-78.16
6cbp	-29.42	265	-43.10
5mr5	-40.51	592	-60.03
6a3v	-40.34	3342	-109.03
5vmo	-34.54	139	-45.97
5xoc	-29.09	327	-43.88
6d13	-45.84	433	-62.52
6fe4	-45.76	940	-71.51
6ch3	-28.54	486	-46.17
6ch2	-25.90	1426	-60.34
5mrv	-30.94	667	-51.81
6gfi	-53.12	560	-72.07
5zvm	-39.83	309	-54.29
6oao	-51.88	3080	-115.89
6d68	-39.40	463	-56.62
6oan	-49.16	959	-75.25
6d4p	-42.74	223	-55.67
6dgf	-47.51	406	-63.71
6sak	-42.86	729	-64.83
6f0g	-41.44	356	-56.75
6cwg	-57.03	775	-79.83
6jb8	-56.45	254	-69.93
6j4s	-38.79	282	-52.77
6q69	-38.64	341	-53.68
6f0f	-38.50	183	-50.71
6ird	-38.11	434	-54.81
6dld	-54.91	1056	-82.73
6p7s	-54.91	1107	-83.64
6n85	-37.78	796	-60.95
5zqv	-37.59	1258	-69.02
6jcs	-37.34	613	-57.24
6ndz	-55.36	931	-80.95
6u2h	-54.12	1009	-81.10
6j7w	-54.35	311	-68.85
6p7y	-52.81	1133	-82.01
6kbm	-35.51	527	-53.87
5z2w	-35.24	244	-48.54
6j56	-35.24	276	-49.11
6r2g	-69.18	184	-81.41
6gho	-34.80	400	-50.89
6iu7	-51.63	444	-68.51
6mud	-34.20	275	-48.06
6c83	-34.25	634	-54.53
5zo2	-34.01	589	-53.48
6og4	-50.74	197	-63.20
5z7l	-33.79	305	-48.18
6gum	-33.79	266	-47.49
6in9	-33.79	628	-53.96
6ne2	-50.72	312	-65.24
6kbn	-33.31	1044	-60.92
6ne1	-50.54	278	-64.45
6ne4	-50.20	313	-64.74
6uys	-33.08	166	-44.99
6moe	-49.79	755	-72.23
6o3o	-32.79	993	-59.48
6m7l	-28.44	792	-51.54
6ire	-45.52	416	-61.90
6fpg	-39.91	1675	-78.80
6h47	-45.66	304	-60.04
6i07	-45.66	904	-70.76
6on9	-28.54	226	-41.52
6ivu	-62.55	171	-74.55
6o8b	-28.30	1336	-61.13
6h15	-45.05	1462	-80.13
6iwa	-39.38	454	-56.44
6m9k	-28.09	873	-52.64
6mba	-44.35	275	-58.21
6iwd	-44.18	338	-59.16
6j4o	-44.20	268	-57.93
6jhw	-44.20	508	-62.22
6mun	-34.25	267	-47.96
5z7g	-32.47	305	-46.86
6iua	-49.65	444	-66.53
6gvk	-32.53	226	-45.51
6uyu	-32.53	170	-44.51
6qb3	-32.10	370	-47.66
6cxl	-49.20	864	-73.59
6fto	-49.00	207	-61.64
6umt	-49.00	208	-61.66
6jdj	-38.24	289	-52.35
6j9l	-32.39	251	-45.82
6k06	-37.92	448	-54.87
6nrw	-26.47	424	-42.99
6a6x	-43.31	351	-58.53
6gjq	-43.39	1231	-74.34
6im9	-43.39	577	-62.65
6oqq	-43.11	1755	-83.43
6jb2	-37.27	255	-50.77
6pnp	-37.24	325	-51.99
6osw	-32.53	79	-42.88
6idx	-31.24	526	-49.58
6ov2	-48.21	309	-62.67
6n6r	-30.94	433	-47.62
6f2g	-48.00	561	-66.97
6obn	-42.91	1157	-72.54
6mc9	-37.19	291	-51.33
6h46	-42.94	324	-57.67
6h16	-42.79	726	-64.71
6iw8	-36.98	447	-53.91
6fbx	-36.90	170	-48.88
6gtq	-36.73	393	-52.70
6f0h	-48.65	356	-63.96
6her	-42.23	227	-55.23
6s8s	-36.46	415	-52.82
6j9h	-42.10	525	-60.43
6oqk	-42.10	139	-53.53
6gvl	-24.87	222	-37.78
6pnq	-41.72	327	-56.51
6thg	-47.93	2763	-106.27
6km7	-30.16	691	-51.46
6i2m	-47.23	539	-65.81
6er6	-41.62	213	-54.37
6ihb	-41.35	611	-61.21
6k4k	-46.73	1686	-85.82
6akm	-29.46	93	-40.06
5zau	-41.22	121	-52.32
6s29	-46.29	894	-71.21
6mm6	-23.59	1037	-51.07
6ere	-40.73	425	-57.27
6jjw	-46.15	109	-57.04
6kbr	-63.07	278	-76.98
6j9m	-40.48	510	-58.54
6jwj	-40.34	485	-57.95
6plm	-40.23	1779	-80.98
6czo	-40.24	628	-60.41
6ib8	-40.11	594	-59.67
6oqj	-45.92	139	-57.35
6saz	-56.24	864	-80.63
6ht9	-57.08	1015	-84.17
6dwh	-55.36	2316	-105.71
6bx8	-38.24	1113	-67.08
6dwf	-50.72	2316	-101.07
6n9d	-61.36	336	-76.31
6mav	-59.79	335	-74.72
6har	-58.30	278	-72.21
